               -244.6369345891
         -0.000438528      -0.000010927      -0.000042478
         -0.000010926      -0.000768756      -0.000050633
         -0.000042479      -0.000050632      -0.000079054
          38
  1     1      -0.006361202      -0.008201753       0.008606913  H
  1     1       0.020664642       0.038098421      -0.029930476  H
  2    14       0.004997602       0.011727989      -0.010431125  Si
  2    14       0.005736989       0.010492802      -0.038131647  Si
  2    14       0.009491497      -0.048627478       0.004687309  Si
  2    14       0.040563800       0.007344722       0.028270047  Si
  2    14      -0.020721435       0.047267901      -0.010550525  Si
  2    14       0.007387729       0.008432962       0.015267627  Si
  2    14      -0.017867933      -0.021518826      -0.030695113  Si
  2    14       0.006871129      -0.013222996       0.010311769  Si
  2    14      -0.013926521      -0.002888774       0.000044065  Si
  2    14      -0.028996880      -0.021010382       0.003987298  Si
  2    14      -0.000661827       0.006827782      -0.001266958  Si
  2    14      -0.012015831       0.008874388      -0.010781326  Si
  2    14      -0.004075837       0.003028805       0.014998744  Si
  2    14      -0.000172765      -0.010081620       0.001634104  Si
  2    14      -0.007618067       0.006447030       0.016405083  Si
  2    14       0.009131921       0.004573879      -0.004740449  Si
  2    14       0.000494661      -0.013757542       0.022912628  Si
  2    14       0.013850871      -0.012553291       0.019593190  Si
  2    14      -0.012399219       0.003978441       0.017747205  Si
  2    14       0.005580254       0.003913595       0.029903154  Si
  2    14      -0.000789768      -0.000069223      -0.000357906  Si
  2    14       0.006621200       0.000683218      -0.000586896  Si
  2    14       0.002247646       0.003120546       0.001410193  Si
  2    14       0.002727915       0.003541295       0.005471064  Si
  2    14      -0.001972272      -0.002048388       0.093596313  Si
  2    14      -0.000012698       0.000807131       0.093073425  Si
  2    14      -0.002194154      -0.004475953       0.083012596  Si
  2    14      -0.003720624      -0.002352424       0.087246729  Si
  1     1       0.000528038       0.080815864      -0.056050875  H
  1     1       0.000320896      -0.080008098      -0.056362045  H
  1     1       0.000222482       0.080134851      -0.055476307  H
  1     1      -0.000240597      -0.080812109      -0.055797496  H
  1     1       0.000506313       0.073237603      -0.047463541  H
  1     1      -0.000614755      -0.074956697      -0.051697635  H
  1     1       0.000072871       0.079578657      -0.053803054  H
  1     1      -0.000143097      -0.075507084      -0.050825884  H
